{
  "class_names": [
    "APP推广",
    "BD经理",
    "C/C++",
    "Java",
    "产品专员/助理",
    "储备干部",
    "储备经理人",
    "内容审核",
    "前端开发",
    "咨询顾问",
    "售后客服",
    "商务专员",
    "培训师",
    "大客户代表",
    "实施工程师",
    "广告销售",
    "律师",
    "律师助理",
    "总助/CEO助理/董事长助理",
    "技术支持工程师",
    "招聘专员/助理",
    "日语翻译",
    "档案管理",
    "法务专员/助理",
    "测试工程师",
    "游戏推广",
    "游戏运营",
    "猎头顾问",
    "电话客服",
    "电话销售",
    "知识产权/专利代理",
    "硬件测试",
    "社区运营",
    "科研人员",
    "管培生/储备干部",
    "统计员",
    "网络客服",
    "网络销售",
    "英语翻译",
    "质检员",
    "质量管理/测试",
    "资料管理",
    "软件测试",
    "运营助理/专员",
    "销售助理",
    "销售工程师",
    "销售运营",
    "项目专员/助理",
    "项目招投标",
    "项目经理/主管",
    "风电工程师"
  ],
  "affinity_matrix": [
    [
      0.9358282685279846,
      0.024377280846238136,
      5.7299641412100755e-05,
      0.00017615587785257958,
      0.00017940616089617833,
      1.64266750743991e-05,
      4.7350942168122856e-05,
      0.0019789024954661727,
      0.00014742732309969142,
      4.5587450586026534e-05,
      0.0005837115168105811,
      0.00047725747572258115,
      0.000202276736672502,
      0.0001757115314831026,
      1.3199276509112678e-05,
      0.004333201271947473,
      0.0020329559920355678,
      0.00035838443727698177,
      0.0003240724909119308,
      1.5277311831596307e-05,
      0.0013485317467711866,
      0.0003013350287801586,
      5.4700951295671985e-05,
      0.00028303074941504747,
      1.792374769138405e-05,
      0.0007475221063941717,
      0.00016694278747309,
      0.00010614990242174827,
      0.0001714216050459072,
      0.001462579530198127,
      0.0010282679286319762,
      1.0200927590631181e-05,
      0.0006510207604151219,
      3.473278593446594e-05,
      1.7303595996054355e-05,
      0.0006136457959655672,
      0.0017923045088537037,
      0.011114575434476137,
      0.0004910401767119765,
      0.001356127206236124,
      0.00022948956757318228,
      3.2143241696758196e-05,
      9.295259224018082e-05,
      0.0008824779652059078,
      0.0010422514314996079,
      0.00017827939518610947,
      0.0009861662983894348,
      2.7748197680921294e-05,
      0.00046537712842109613,
      2.1791412336824578e-05,
      0.0003921322640962899
    ],
    [
      0.024377280846238136,
      0.8336318731307983,
      3.790573828155175e-05,
      3.223471367164166e-05,
      0.00042199842573609203,
      0.0005052434280514717,
      0.0008802319061942399,
      9.015546129376162e-05,
      2.624078388180351e-05,
      9.285202395403758e-05,
      0.0003407075346331112,
      0.026872901245951653,
      0.00010753616879810579,
      0.06435304321348667,
      0.0003852713193737145,
      0.0132057867012918,
      0.0008746824896661565,
      9.220347783411853e-05,
      0.00042451931221876293,
      0.0005279887191136368,
      9.687247256806586e-05,
      0.00015524786067544483,
      0.0002836296389432391,
      0.00012623287693713792,
      4.427583144206437e-05,
      0.00014303223724709824,
      0.0009380570409120992,
      0.00018261375953443348,
      0.0003675884800031781,
      0.014915263745933771,
      0.0007467664108844474,
      0.00011976891892118147,
      0.0004957901401212439,
      4.411551708471961e-05,
      0.0010236166417598724,
      0.00020118828251725063,
      0.0004122933169128373,
      0.007083559990860522,
      0.00017798974295146763,
      0.0004668429319281131,
      0.000281484448350966,
      0.0005133099148224574,
      4.17401606682688e-05,
      0.0008287828823085874,
      0.005451936041936278,
      0.015113499015569687,
      0.0013753531384281814,
      0.001121060071454849,
      0.0018377491214778274,
      0.0006738536176271737,
      7.125616320990957e-05
    ],
    [
      5.7299641412100755e-05,
      3.790573828155175e-05,
      0.7906215786933899,
      0.14751096814870834,
      0.0009109859965974465,
      3.7474650525837205e-05,
      3.64786774298409e-05,
      0.00010656034646672197,
      0.007248925976455212,
      6.308705269475468e-05,
      1.4642956557509024e-05,
      1.4158290014165686e-05,
      0.0008449127926724032,
      0.00011467442163848318,
      0.0012160295736975968,
      1.6033434121709433e-05,
      0.0016157467034645379,
      0.0013561914674937725,
      3.154898240609327e-05,
      0.0014638809952884912,
      2.940715921795345e-05,
      0.0022949881677050143,
      7.826721957826521e-05,
      0.0007150836754590273,
      0.002875988371670246,
      0.0006082716827222612,
      0.00013174126797821373,
      3.38963882313692e-05,
      1.2163602832515608e-05,
      1.620418925085687e-05,
      0.00033993638498941436,
      0.000852297518576961,
      0.00011756782987504266,
      0.0026690770755521953,
      0.00016525429236935452,
      3.880798612954095e-05,
      3.240721980546368e-05,
      8.039434533202439e-06,
      9.264893651561579e-05,
      7.525675937358756e-05,
      6.238871537789237e-05,
      0.0002526518910599407,
      0.002660138183273375,
      6.72403348289663e-06,
      2.8303997510192858e-06,
      0.0005375132313929498,
      9.924853657139465e-06,
      0.00022494424774777144,
      0.0001804800813260954,
      0.001595101086422801,
      0.0011304736835882068
    ],
    [
      0.00017615587785257958,
      3.223471367164166e-05,
      0.14751096814870834,
      0.8224835991859436,
      0.0005964378688076977,
      8.680451401232858e-06,
      1.2246941139437695e-05,
      0.00014975127123761922,
      0.03548597078770399,
      5.708034768758807e-05,
      3.5116635444865096e-05,
      8.002307026799826e-06,
      0.0007372173859039322,
      4.242353043082403e-05,
      0.0014424515247810632,
      2.5032315363660018e-05,
      0.0009108767262659967,
      0.00019372809038031846,
      2.191884971125546e-05,
      0.0012045583862345666,
      8.288725985039491e-05,
      0.008598515472840518,
      3.984359864261933e-05,
      7.566273779957555e-05,
      0.0014872274186927825,
      0.002450053027132526,
      0.00026395596069050953,
      2.6033596441266127e-05,
      1.0357766768720467e-05,
      1.110899620471173e-05,
      0.00017654743714956567,
      0.0001517800883448217,
      0.00016820214841573033,
      0.0011636225826805457,
      6.4777314037201e-05,
      2.473477297826321e-05,
      0.00017537048915983178,
      6.964275144127896e-06,
      0.00036357799035613425,
      6.76993604429299e-05,
      3.0654334295832086e-05,
      0.0002395877800154267,
      0.020196690689772367,
      1.1577568329812493e-05,
      6.593076520289287e-06,
      0.00015656507821404375,
      1.888438737296383e-05,
      0.00015438394621014595,
      0.00017270042917516548,
      0.001053419393429067,
      0.001412307276041247
    ],
    [
      0.00017940616089617833,
      0.00042199842573609203,
      0.0009109859965974465,
      0.0005964378688076977,
      0.8074913620948792,
      0.0006511008541565388,
      0.001285935373743996,
      0.0005958182900940301,
      0.0037676944630220532,
      2.1943613319308497e-05,
      2.628003403515322e-05,
      0.0006730726163368672,
      0.009572993440087885,
      0.00028799939900636673,
      0.004331673058914021,
      0.0021029829513281584,
      3.913400541932788e-05,
      0.00012486525884014554,
      0.0011178723361808807,
      0.009912913024891168,
      9.767808296601288e-05,
      0.002338793419767171,
      0.0005696650405297987,
      7.392161569441669e-05,
      0.00017037624638760462,
      0.00019492035789880902,
      0.005672095459885895,
      4.1539168705639895e-05,
      1.8863602463170537e-05,
      3.749225743376883e-05,
      0.000213314124266617,
      0.0001304943289142102,
      9.82627971097827e-05,
      0.0021182093769311905,
      0.030410953797399998,
      0.0008659126469865441,
      0.00010190003013121895,
      0.00016066415992099792,
      0.0007940651848912239,
      0.007490448857424781,
      0.0014873043837724254,
      0.0006807277859479655,
      0.0001994721642404329,
      0.008475423441268504,
      0.00171153515111655,
      0.0010406452638562769,
      0.00836068531498313,
      0.008415785385295749,
      0.00011296021330053918,
      0.001853762660175562,
      0.00022169944713823497
    ],
    [
      1.64266750743991e-05,
      0.0005052434280514717,
      3.7474650525837205e-05,
      8.680451401232858e-06,
      0.0006511008541565388,
      0.5843912363052368,
      0.32002510130405426,
      2.463000009811367e-05,
      4.554649058263749e-05,
      0.005128521064762026,
      0.0012887366756331176,
      0.00030744834293727763,
      0.0010919287451542914,
      0.0037669470766559243,
      7.219164217531215e-05,
      0.00038924083492020145,
      0.00012743043043883517,
      0.00025018454471137375,
      0.011644909624010324,
      0.00021390694746514782,
      0.00033785913547035307,
      0.00011408128557377495,
      0.0004035763704450801,
      0.0001919093556352891,
      9.959393719327636e-05,
      3.271028799645137e-05,
      0.000873774231877178,
      0.001952956197783351,
      0.0009379313560202718,
      0.0009551719704177231,
      0.0016666717929183505,
      0.00010232329441350885,
      0.005616390844807029,
      0.0022400662710424513,
      0.051332857459783554,
      0.0008751062850933522,
      0.000593723678321112,
      0.002163845259929076,
      0.0001324660115642473,
      0.00023648883507121354,
      0.0014125217276159674,
      7.801471110724378e-05,
      3.234550149500137e-05,
      0.000941391714150086,
      0.0007163892441894859,
      0.0009925697959261015,
      0.0020938466186635196,
      0.0017586325702723116,
      5.466344009619206e-05,
      0.00288084548083134,
      0.0005298641408444382
    ],
    [
      4.7350942168122856e-05,
      0.0008802319061942399,
      3.64786774298409e-05,
      1.2246941139437695e-05,
      0.001285935373743996,
      0.32002510130405426,
      0.594584047794342,
      5.3696794566349126e-05,
      6.166905041027348e-05,
      0.0033371596364304423,
      0.002713865600526333,
      0.0005007450345146935,
      0.001621376140974462,
      0.0011589509958866984,
      0.0018369996851106407,
      0.0006354845681926236,
      6.513350126624573e-05,
      0.00026282091857865453,
      0.007097245659679174,
      0.002909907780122012,
      0.0004344813205534592,
      3.979068605985958e-05,
      0.0011533666256582364,
      0.00013414356362773106,
      8.751174027565867e-05,
      1.8111505596607458e-05,
      0.000881496409419924,
      0.002271195233333856,
      0.0005565054452745244,
      0.001065427262801677,
      0.0009799855761229992,
      9.815102566790301e-05,
      0.004366306180600077,
      0.001600682211574167,
      0.07028022222220898,
      0.000702862860634923,
      0.0016486409112985712,
      0.005085560493171215,
      9.328059240942821e-05,
      0.0005295963201206177,
      0.0034543767105787992,
      0.00023024155234452337,
      2.233988516309182e-05,
      0.0037179040955379605,
      0.0021586493821814656,
      0.0010838377056643367,
      0.0033371164463460445,
      0.0010355105914641172,
      6.145487395770033e-05,
      0.0009410952916368842,
      0.0007448346586897969
    ],
    [
      0.0019789024954661727,
      9.015546129376162e-05,
      0.00010656034646672197,
      0.00014975127123761922,
      0.0005958182900940301,
      2.463000009811367e-05,
      5.3696794566349126e-05,
      0.9241058826446533,
      0.0011087706661783159,
      0.00012897672786493786,
      0.002454811823554337,
      6.382522042258643e-05,
      0.0001221511083713267,
      5.2732913218278554e-06,
      2.4627867787785362e-05,
      0.00023638933635083959,
      0.00039363634277833626,
      0.00042132251837756485,
      0.0009033545502461493,
      2.4459589440084528e-05,
      0.004066588240675628,
      7.372785330517218e-05,
      0.006395540200173855,
      0.0030362465768121183,
      0.0007216824087663554,
      0.0005708425596822053,
      0.0006060975138098001,
      0.00018497508426662534,
      0.0026667031925171614,
      0.00013940951612312347,
      0.00018264637765241787,
      0.0004229479964124039,
      0.0006308450683718547,
      5.54596208530711e-05,
      7.829264973224781e-06,
      0.014989051502197981,
      0.004037207458168268,
      0.002850160584785044,
      0.00043698042281903327,
      0.006983694853261113,
      0.0011065317085012794,
      0.0023094636853784323,
      0.0012601341295521706,
      0.0018429019837640226,
      0.0003934200940420851,
      3.6905328215652844e-05,
      0.0006264434632612392,
      0.00027512411543284543,
      0.0009707390709081665,
      2.3250347112480085e-05,
      0.0005491622141562402
    ],
    [
      0.00014742732309969142,
      2.624078388180351e-05,
      0.007248925976455212,
      0.03548597078770399,
      0.0037676944630220532,
      4.554649058263749e-05,
      6.166905041027348e-05,
      0.0011087706661783159,
      0.9220650792121887,
      0.00012891868755104952,
      2.148150906577939e-05,
      1.8456387806509156e-05,
      0.0009892114612739533,
      2.1828264834766742e-05,
      0.00030760158551856875,
      0.0004138812128076097,
      0.0002887588052544743,
      0.00011479807290015742,
      4.10783504776191e-05,
      0.00045431480975821614,
      0.00010098514030687511,
      0.0014860058727208525,
      0.0004517378838500008,
      0.0002324670276721008,
      0.00030732344021089375,
      0.0011074423673562706,
      0.0022297376999631524,
      3.3624341085669585e-05,
      6.979863883316284e-06,
      3.5474173273541965e-05,
      0.0002875821228371933,
      7.804708366165869e-05,
      0.00039902607386466116,
      0.0002058131358353421,
      0.0003347871534060687,
      0.00012812056229449809,
      0.0002572707089711912,
      0.0001075858854164835,
      0.00044672598596662283,
      9.19667672860669e-05,
      1.854985657701036e-05,
      0.0005854241026099771,
      0.002621470019221306,
      0.0005304115984472446,
      1.6225915260292822e-05,
      5.918735041632317e-05,
      0.00043217558413743973,
      0.0007081906660459936,
      0.00029976724181324244,
      0.0022066511446610093,
      0.004136449133511633
    ],
    [
      4.5587450586026534e-05,
      9.285202395403758e-05,
      6.308705269475468e-05,
      5.708034768758807e-05,
      2.1943613319308497e-05,
      0.005128521064762026,
      0.0033371596364304423,
      0.00012897672786493786,
      0.00012891868755104952,
      0.5988830327987671,
      0.000327674817526713,
      0.0022273408831097186,
      0.0017088312015403062,
      0.0007334344263654202,
      1.8473680029273964e-05,
      0.0009882902522804216,
      0.0007635527581442147,
      0.00032072621979750693,
      0.00048049116594484076,
      1.364650233881548e-05,
      0.0014379287313204259,
      2.9079588784952648e-05,
      0.0004104833205929026,
      0.0011189859360456467,
      3.449105543040787e-05,
      0.00020697113359346986,
      0.0002593185126897879,
      0.29613111913204193,
      0.0042021183762699366,
      0.020657125860452652,
      0.003937241854146123,
      3.3850385079858825e-05,
      0.006327402079477906,
      0.0008894042985048145,
      0.0004254115774529055,
      0.00037845362385269254,
      0.00039183513581519946,
      0.006457894225604832,
      0.0005969839548924938,
      2.8300267331360374e-05,
      2.183819515266805e-05,
      0.0003571244451450184,
      0.0003114489736617543,
      0.0001234453266079072,
      0.00035666185431182384,
      0.0016374283532059053,
      9.660227442509495e-05,
      0.0018147268565371633,
      0.0020278808078728616,
      0.008815870445687324,
      0.00010484770245966502
    ],
    [
      0.0005837115168105811,
      0.0003407075346331112,
      1.4642956557509024e-05,
      3.5116635444865096e-05,
      2.628003403515322e-05,
      0.0012887366756331176,
      0.002713865600526333,
      0.002454811823554337,
      2.148150906577939e-05,
      0.000327674817526713,
      0.8369035720825195,
      7.121949238353409e-05,
      0.00014605687465518713,
      0.0020939639362040907,
      0.002412322995951399,
      0.00023758699171594344,
      0.00013847477748640813,
      4.0471410102327354e-05,
      0.00016294094530167058,
      0.004809292586287484,
      0.0010648780007613823,
      0.000147261507663643,
      0.0021808038582094014,
      0.0007304436403501313,
      0.0002746918689808808,
      0.0023925871355459094,
      0.00047079929208848625,
      0.0009513931727269664,
      0.04004558175802231,
      0.007183653302490711,
      0.00010321774243493564,
      0.0012141391198383644,
      0.013197126798331738,
      3.4701015465543605e-05,
      8.105466622509994e-05,
      0.0008353441080544144,
      0.07573669031262398,
      0.0010716014949139208,
      0.00026940520911011845,
      0.0008503744611516595,
      0.000812605518149212,
      0.0024692311708349735,
      0.0003490164235699922,
      0.0006426978652598336,
      0.003914645581971854,
      0.0003148214454995468,
      0.0011311933631077409,
      0.0003728764277184382,
      5.0382539484417066e-05,
      4.256247302691918e-05,
      0.00029831123538315296
    ],
    [
      0.00047725747572258115,
      0.026872901245951653,
      1.4158290014165686e-05,
      8.002307026799826e-06,
      0.0006730726163368672,
      0.00030744834293727763,
      0.0005007450345146935,
      6.382522042258643e-05,
      1.8456387806509156e-05,
      0.0022273408831097186,
      7.121949238353409e-05,
      0.5672356486320496,
      7.186464245023672e-05,
      0.0063774691661819816,
      1.861784403445199e-05,
      0.33528268337249756,
      5.0445954911992885e-05,
      2.974054768856149e-05,
      0.009440938709303737,
      0.000200369529920863,
      0.00012129442984587513,
      0.0005021394390496425,
      0.0006152486748760566,
      0.00066859029175248,
      1.1375259873602772e-05,
      0.00022448293748311698,
      0.0025333152734674513,
      0.0016875912551768124,
      0.0013123779790475965,
      0.00779696018435061,
      0.005180173844564706,
      3.612829641497228e-05,
      6.710296838718932e-05,
      7.639416253368836e-05,
      0.0023665943735977635,
      0.0018165729125030339,
      0.0007644054276170209,
      0.0037990185664966702,
      0.0008359206403838471,
      0.00013130348816048354,
      0.000137092096338165,
      0.0021452710789162666,
      7.319195105992549e-06,
      0.002269751508720219,
      0.029986832290887833,
      0.0021625386434607208,
      0.0017930075991898775,
      0.0015890335198491812,
      0.019144786521792412,
      0.0020447936258278787,
      1.4450021808443125e-05
    ],
    [
      0.000202276736672502,
      0.00010753616879810579,
      0.0008449127926724032,
      0.0007372173859039322,
      0.009572993440087885,
      0.0010919287451542914,
      0.001621376140974462,
      0.0001221511083713267,
      0.0009892114612739533,
      0.0017088312015403062,
      0.00014605687465518713,
      7.186464245023672e-05,
      0.935102105140686,
      0.0017212796956300735,
      0.00015897167759248987,
      9.812736243475229e-05,
      0.0005436102219391614,
      0.0008302795031340793,
      0.00014390407886821777,
      0.0007172405094024725,
      0.0003670903097372502,
      0.0006179787451401353,
      0.0007557131175417453,
      0.00037515576696023345,
      0.0006323815541691147,
      0.00012325729403528385,
      0.0005486631098392536,
      0.0016337305714841932,
      0.00016113125093397684,
      0.0050342046888545156,
      0.0021905446192249656,
      0.00010283552364853676,
      0.0007784305489622056,
      0.0022113117738626897,
      0.006925624329596758,
      0.000350492395227775,
      0.00035026913246838376,
      0.003479349223198369,
      0.0010738060809671879,
      0.0005270403489703313,
      0.0007688712794333696,
      0.0006240328366402537,
      0.0006437916454160586,
      3.640281147454516e-05,
      0.00038333416159730405,
      0.0009536474972264841,
      1.8171343981521204e-05,
      0.00040398273267783225,
      0.00012172930655651726,
      0.00013634587230626494,
      0.002151376218535006
    ],
    [
      0.0001757115314831026,
      0.06435304321348667,
      0.00011467442163848318,
      4.242353043082403e-05,
      0.00028799939900636673,
      0.0037669470766559243,
      0.0011589509958866984,
      5.2732913218278554e-06,
      2.1828264834766742e-05,
      0.0007334344263654202,
      0.0020939639362040907,
      0.0063774691661819816,
      0.0017212796956300735,
      0.7079611420631409,
      0.00014868155813019257,
      0.0027300470392219722,
      0.00032833529985509813,
      7.55712990212487e-05,
      0.00013251425116322935,
      0.0004136688803555444,
      1.3367603514780058e-05,
      0.00012002421681245323,
      6.932079304533545e-05,
      0.0001034551823977381,
      5.5328062899207e-05,
      9.215181853505783e-05,
      0.0020261356512492057,
      0.0006068944931030273,
      0.001320026785833761,
      0.02564817201346159,
      0.002958764074719511,
      6.451284571085125e-05,
      0.0011174935789313167,
      0.00016242244601016864,
      0.003667889046482742,
      2.376567863393575e-05,
      0.0023031895543681458,
      0.004177489317953587,
      0.00010682718493626453,
      4.9212299927603453e-05,
      8.613891259301454e-05,
      2.411735476925969e-05,
      5.331465945346281e-05,
      0.0001308559849348967,
      0.0026386588579043746,
      0.1526285782456398,
      0.0001717275063128909,
      5.549670822802e-05,
      0.00012551752661238424,
      0.0016949452110566199,
      3.7897236325079575e-05
    ],
    [
      1.3199276509112678e-05,
      0.0003852713193737145,
      0.0012160295736975968,
      0.0014424515247810632,
      0.004331673058914021,
      7.219164217531215e-05,
      0.0018369996851106407,
      2.4627867787785362e-05,
      0.00030760158551856875,
      1.8473680029273964e-05,
      0.002412322995951399,
      1.861784403445199e-05,
      0.00015897167759248987,
      0.00014868155813019257,
      0.6314312815666199,
      1.9210848222428467e-05,
      3.186776393704349e-05,
      2.4301397388626356e-05,
      4.847912168770563e-05,
      0.3706289380788803,
      8.042842728173127e-05,
      0.00029352662386372685,
      0.0004056076577398926,
      1.2461953701858874e-05,
      0.0012717240024358034,
      5.1779314162558876e-05,
      0.0003041289164684713,
      3.4410113585181534e-05,
      1.31587482883333e-05,
      2.8090770456401515e-06,
      2.7503810088091996e-05,
      0.002622799074742943,
      0.00021434520476759644,
      0.001614016859093681,
      0.0012393788783811033,
      0.00013972996384836733,
      0.00014248376464820467,
      4.195627951730785e-06,
      0.0002908271999331191,
      0.0002559806016506627,
      0.00017785817908588797,
      0.001180120394565165,
      0.0014167609624564648,
      0.001068259844032582,
      8.149978657456813e-05,
      0.003323332901345566,
      0.0015654602029826492,
      0.012296467553824186,
      7.879454460635316e-05,
      0.006288163596764207,
      0.0013437767847790383
    ],
    [
      0.004333201271947473,
      0.0132057867012918,
      1.6033434121709433e-05,
      2.5032315363660018e-05,
      0.0021029829513281584,
      0.00038924083492020145,
      0.0006354845681926236,
      0.00023638933635083959,
      0.0004138812128076097,
      0.0009882902522804216,
      0.00023758699171594344,
      0.33528268337249756,
      9.812736243475229e-05,
      0.0027300470392219722,
      1.9210848222428467e-05,
      0.5297706723213196,
      4.3330981498002075e-05,
      3.1684242912888294e-05,
      0.012834971770644188,
      0.00010214938129138318,
      0.0003079904417973012,
      0.0010739771096268669,
      0.0006878022832097486,
      0.0005956825625617057,
      6.883586479489168e-06,
      0.0001544143924547825,
      0.0039376150816679,
      0.0008060499967541546,
      0.0008732461865292862,
      0.003606818907428533,
      0.0035923436225857586,
      1.7628841305850074e-05,
      0.0031798354193597334,
      4.03045050916262e-05,
      0.0021896828984608874,
      0.0049922807374969125,
      0.0011637482384685427,
      0.007399183232337236,
      0.005363967036828399,
      5.067457277618814e-05,
      5.729857366532087e-05,
      0.0021949172733002342,
      1.644799351652182e-05,
      0.006018941756337881,
      0.05453295074403286,
      0.0009376355083077215,
      0.0056091370061039925,
      0.0018628552206791937,
      0.0124404679518193,
      0.0030123828910291195,
      2.491588566044811e-05
    ],
    [
      0.0020329559920355678,
      0.0008746824896661565,
      0.0016157467034645379,
      0.0009108767262659967,
      3.913400541932788e-05,
      0.00012743043043883517,
      6.513350126624573e-05,
      0.00039363634277833626,
      0.0002887588052544743,
      0.0007635527581442147,
      0.00013847477748640813,
      5.0445954911992885e-05,
      0.0005436102219391614,
      0.00032833529985509813,
      3.186776393704349e-05,
      4.3330981498002075e-05,
      0.8582351207733154,
      0.1348150074481964,
      0.0001713225992716616,
      1.7311029296251945e-05,
      0.0002739329793257639,
      5.654173764924053e-05,
      4.362744039099198e-05,
      0.008103076368570328,
      0.001946393065736629,
      0.0010156978678423911,
      0.00010790539454319514,
      0.0010639970423653722,
      0.0006428080814657733,
      0.0008962363062892109,
      0.0017370555433444679,
      0.00039079575799405575,
      0.00035219288838561624,
      0.00022783308668294922,
      7.53889289626386e-05,
      3.6750774597749114e-05,
      0.0001812332593544852,
      0.0004960207006661221,
      7.836624354240485e-05,
      0.00017182203737320378,
      0.00012013124796794727,
      2.881886712202686e-05,
      0.0022875047870911658,
      1.2177978078398155e-05,
      1.3402231388681685e-05,
      0.0002846957177098375,
      1.831805684560095e-05,
      4.874245632890961e-05,
      0.00043846337212016806,
      0.0002624671396915801,
      0.0007794416305841878
    ],
    [
      0.00035838443727698177,
      9.220347783411853e-05,
      0.0013561914674937725,
      0.00019372809038031846,
      0.00012486525884014554,
      0.00025018454471137375,
      0.00026282091857865453,
      0.00042132251837756485,
      0.00011479807290015742,
      0.00032072621979750693,
      4.0471410102327354e-05,
      2.974054768856149e-05,
      0.0008302795031340793,
      7.55712990212487e-05,
      2.4301397388626356e-05,
      3.1684242912888294e-05,
      0.1348150074481964,
      0.8086313009262085,
      0.0012861714058090001,
      3.305254540464375e-05,
      0.00015566676665912382,
      0.00017836866027209908,
      6.52243361400906e-05,
      0.03470795974135399,
      0.0007430071054841392,
      0.00010092196680488996,
      2.377969303779537e-05,
      0.00045829889131709933,
      0.0008447371146758087,
      0.00018605468358146027,
      0.0023861367371864617,
      0.00027462790603749454,
      6.566398951690644e-05,
      0.0005031309410696849,
      0.0001260858516616281,
      0.0002151589433196932,
      6.778737952117808e-05,
      0.002093712562782457,
      0.0002585783149697818,
      0.00024748979922151193,
      0.0003452067612670362,
      3.8480598959722556e-05,
      0.0003133075588266365,
      9.529011776976404e-06,
      1.562805982757709e-05,
      0.00010986845336447004,
      9.757671250554267e-06,
      0.00016603103176748846,
      0.00011979964892816497,
      0.00016227454034378752,
      0.0004701182260760106
    ],
    [
      0.0003240724909119308,
      0.00042451931221876293,
      3.154898240609327e-05,
      2.191884971125546e-05,
      0.0011178723361808807,
      0.011644909624010324,
      0.007097245659679174,
      0.0009033545502461493,
      4.10783504776191e-05,
      0.00048049116594484076,
      0.00016294094530167058,
      0.009440938709303737,
      0.00014390407886821777,
      0.00013251425116322935,
      4.847912168770563e-05,
      0.012834971770644188,
      0.0001713225992716616,
      0.0012861714058090001,
      0.8281116485595703,
      9.559097816236317e-05,
      0.004807973746210337,
      0.0034940039622597396,
      0.00025832391111180186,
      0.004650582326576114,
      5.6997721912921406e-05,
      0.00019297106518934015,
      0.0007584079867228866,
      0.0034838556312024593,
      0.004050770658068359,
      0.0002472622654750012,
      0.000858097686432302,
      0.0001521921731182374,
      7.28935920051299e-05,
      0.0004941518272971734,
      0.0011554787342902273,
      0.04882786422967911,
      0.0006977567318244837,
      0.001692613062914461,
      0.004992022644728422,
      0.001022081240080297,
      0.0029711335664615035,
      0.00012382451677694917,
      1.7337850863441417e-05,
      0.004451851127669215,
      0.012457498349249363,
      0.0003170453928760253,
      0.0030141372699290514,
      0.0008573375234846026,
      0.00047999026719480753,
      0.006734056703862734,
      0.00014943173300707713
    ],
    [
      1.5277311831596307e-05,
      0.0005279887191136368,
      0.0014638809952884912,
      0.0012045583862345666,
      0.009912913024891168,
      0.00021390694746514782,
      0.002909907780122012,
      2.4459589440084528e-05,
      0.00045431480975821614,
      1.364650233881548e-05,
      0.004809292586287484,
      0.000200369529920863,
      0.0007172405094024725,
      0.0004136688803555444,
      0.3706289380788803,
      0.00010214938129138318,
      1.7311029296251945e-05,
      3.305254540464375e-05,
      9.559097816236317e-05,
      0.5726786851882935,
      4.968304892827291e-05,
      0.001232102862559259,
      0.0005423662369139493,
      1.346161525361822e-05,
      0.002452914137393236,
      6.384672815329395e-05,
      0.00019020080799236894,
      2.2545421415998135e-05,
      5.852854883414693e-05,
      7.103008101694286e-06,
      4.132474532525521e-05,
      0.006283127469941974,
      0.0002996988441736903,
      0.004323005094192922,
      0.002146365790395066,
      0.00034847761344281025,
      0.0002072531497105956,
      2.0952986687916564e-05,
      0.0007724097085883841,
      0.0007060512725729495,
      0.0008955355151556432,
      0.0012907301425002515,
      0.0005374464672058821,
      0.00126325263408944,
      0.00013158085494069383,
      0.009600419783964753,
      0.0028758097905665636,
      0.006533590494655073,
      6.346245208987966e-05,
      0.003853750415146351,
      0.0021422439021989703
    ],
    [
      0.0013485317467711866,
      9.687247256806586e-05,
      2.940715921795345e-05,
      8.288725985039491e-05,
      9.767808296601288e-05,
      0.00033785913547035307,
      0.0004344813205534592,
      0.004066588240675628,
      0.00010098514030687511,
      0.0014379287313204259,
      0.0010648780007613823,
      0.00012129442984587513,
      0.0003670903097372502,
      1.3367603514780058e-05,
      8.042842728173127e-05,
      0.0003079904417973012,
      0.0002739329793257639,
      0.00015566676665912382,
      0.004807973746210337,
      4.968304892827291e-05,
      0.8880408406257629,
      0.00018137681763619184,
      0.00033840909600257874,
      0.00021826363808941096,
      0.00029618298140121624,
      0.0002377737982897088,
      0.00012607629105332308,
      0.037106867879629135,
      0.004539173620287329,
      0.00016541143850190565,
      0.00011044706479879096,
      0.00022004757192917168,
      0.00027804791898233816,
      0.00016478682300657965,
      0.00019943410734413192,
      0.03243009001016617,
      0.000553656107513234,
      0.0004819879832211882,
      0.0012219561613164842,
      0.0008933738281484693,
      0.00044843112118542194,
      0.00023488692750106566,
      0.0008525955054210499,
      0.00022440326574724168,
      0.00048286913079209626,
      7.069893399602734e-05,
      0.0001939212961588055,
      0.0006095825810916722,
      0.0020940020913258195,
      8.567948862037156e-05,
      0.0009987808880396187
    ],
    [
      0.0003013350287801586,
      0.00015524786067544483,
      0.0022949881677050143,
      0.008598515472840518,
      0.002338793419767171,
      0.00011408128557377495,
      3.979068605985958e-05,
      7.372785330517218e-05,
      0.0014860058727208525,
      2.9079588784952648e-05,
      0.000147261507663643,
      0.0005021394390496425,
      0.0006179787451401353,
      0.00012002421681245323,
      0.00029352662386372685,
      0.0010739771096268669,
      5.654173764924053e-05,
      0.00017836866027209908,
      0.0034940039622597396,
      0.001232102862559259,
      0.00018137681763619184,
      0.9087106585502625,
      5.656230678141583e-05,
      0.00013136336565366946,
      0.00021930180446361192,
      0.0022868822561576962,
      0.00031546910759061575,
      5.129580313223414e-05,
      0.0001759222213877365,
      5.679808418790344e-05,
      0.00045422432594932616,
      0.00022874418937135488,
      2.8367966478981543e-05,
      0.0011420878290664405,
      0.0001821992700570263,
      0.0010626227885950357,
      0.0011501233675517142,
      0.00023170442727860063,
      0.038160987198352814,
      0.0001474992823204957,
      0.0002880611355067231,
      3.792194547713734e-05,
      0.00023365934976027347,
      0.0001365737261949107,
      0.000865797177539207,
      0.0006207744445418939,
      0.0003577322495402768,
      0.0005048719758633524,
      0.00016178896476048976,
      0.000503993549500592,
      0.0006785377045162022
    ],
    [
      5.4700951295671985e-05,
      0.0002836296389432391,
      7.826721957826521e-05,
      3.984359864261933e-05,
      0.0005696650405297987,
      0.0004035763704450801,
      0.0011533666256582364,
      0.006395540200173855,
      0.0004517378838500008,
      0.0004104833205929026,
      0.0021808038582094014,
      0.0006152486748760566,
      0.0007557131175417453,
      6.932079304533545e-05,
      0.0004056076577398926,
      0.0006878022832097486,
      4.362744039099198e-05,
      6.52243361400906e-05,
      0.00025832391111180186,
      0.0005423662369139493,
      0.00033840909600257874,
      5.656230678141583e-05,
      0.556775689125061,
      0.0015125417266972363,
      0.00020839739772782195,
      4.213496231386671e-05,
      0.0003412373407627456,
      0.00032144784927368164,
      0.0012051478843204677,
      0.0002422511242912151,
      0.0027616044390015304,
      0.0005401616363087669,
      0.0021365918801166117,
      0.0004396584117785096,
      0.00016570209118071944,
      0.013281675055623055,
      0.0005078684480395168,
      0.0003098087472608313,
      0.0002783974341582507,
      0.0015622251958120614,
      0.0006484405312221497,
      0.4131946265697479,
      0.0002903476433857577,
      0.0008779003110248595,
      0.0008598881540820003,
      9.857698387349956e-05,
      0.00023997012613108382,
      0.0029542961856350303,
      0.0015613700961694121,
      0.0009109926468227059,
      0.0006773838249500841
    ],
    [
      0.00028303074941504747,
      0.00012623287693713792,
      0.0007150836754590273,
      7.566273779957555e-05,
      7.392161569441669e-05,
      0.0001919093556352891,
      0.00013414356362773106,
      0.0030362465768121183,
      0.0002324670276721008,
      0.0011189859360456467,
      0.0007304436403501313,
      0.00066859029175248,
      0.00037515576696023345,
      0.0001034551823977381,
      1.2461953701858874e-05,
      0.0005956825625617057,
      0.008103076368570328,
      0.03470795974135399,
      0.004650582326576114,
      1.346161525361822e-05,
      0.00021826363808941096,
      0.00013136336565366946,
      0.0015125417266972363,
      0.9027285575866699,
      0.00010098787788592745,
      5.036861875851173e-05,
      5.161604804015951e-05,
      0.0007921213400550187,
      0.011673967819660902,
      0.0011755565647035837,
      0.006526100914925337,
      0.0002058516547549516,
      0.0001254073577001691,
      0.00010388866940047592,
      5.0477103286539204e-05,
      0.002228892524726689,
      0.0002725316080613993,
      0.0019010534306289628,
      0.00040941638872027397,
      0.000406777675379999,
      0.0001627778765396215,
      0.0006443430320359766,
      5.828991015732754e-05,
      0.0001938628229254391,
      0.00013939109703642316,
      0.0001633409337955527,
      0.00016187453320526402,
      0.0006991173013375374,
      0.0012283070536796004,
      0.00022532426373800263,
      0.0006560309993801638
    ],
    [
      1.792374769138405e-05,
      4.427583144206437e-05,
      0.002875988371670246,
      0.0014872274186927825,
      0.00017037624638760462,
      9.959393719327636e-05,
      8.751174027565867e-05,
      0.0007216824087663554,
      0.00030732344021089375,
      3.449105543040787e-05,
      0.0002746918689808808,
      1.1375259873602772e-05,
      0.0006323815541691147,
      5.5328062899207e-05,
      0.0012717240024358034,
      6.883586479489168e-06,
      0.001946393065736629,
      0.0007430071054841392,
      5.6997721912921406e-05,
      0.002452914137393236,
      0.00029618298140121624,
      0.00021930180446361192,
      0.00020839739772782195,
      0.00010098787788592745,
      0.669921875,
      0.0006430374087358359,
      3.817030437858193e-05,
      4.513594103627838e-05,
      0.00016773796960478649,
      9.119330343310139e-06,
      9.90445164461562e-06,
      0.20022428780794144,
      6.657486392214196e-05,
      0.002043630083790049,
      0.00016143212269525975,
      0.0001105921046473668,
      8.221286771004088e-05,
      4.226136184115603e-06,
      4.166485814494081e-05,
      0.002020205487497151,
      0.0070326406275853515,
      0.0004097013797945692,
      0.22915340214967728,
      3.5503381923263078e-06,
      8.18864396023855e-06,
      0.0006852548394817859,
      3.1648322647015448e-06,
      0.00022688151875627227,
      0.0003391136779100634,
      0.00028138764173490927,
      0.002317929240234662
    ],
    [
      0.0007475221063941717,
      0.00014303223724709824,
      0.0006082716827222612,
      0.002450053027132526,
      0.00019492035789880902,
      3.271028799645137e-05,
      1.8111505596607458e-05,
      0.0005708425596822053,
      0.0011074423673562706,
      0.00020697113359346986,
      0.0023925871355459094,
      0.00022448293748311698,
      0.00012325729403528385,
      9.215181853505783e-05,
      5.1779314162558876e-05,
      0.0001544143924547825,
      0.0010156978678423911,
      0.00010092196680488996,
      0.00019297106518934015,
      6.384672815329395e-05,
      0.0002377737982897088,
      0.0022868822561576962,
      4.213496231386671e-05,
      5.036861875851173e-05,
      0.0006430374087358359,
      0.9029679298400879,
      0.03773779794573784,
      0.00011482537229312584,
      0.0006655199540546164,
      0.0002455802823533304,
      0.00014188820932758972,
      0.0004382640399853699,
      0.0005269251705612987,
      0.00014260359603213146,
      2.7553405288927024e-05,
      8.244968557846732e-05,
      0.027252018451690674,
      0.0002833182516042143,
      0.0005195599514991045,
      8.701796650711913e-05,
      8.7773434643168e-05,
      2.1944662876194343e-05,
      0.002120930337696336,
      0.0006436080147977918,
      0.0002979983864861424,
      7.454791921190917e-05,
      0.0012415406526997685,
      0.0002097239048453048,
      0.0005060520925326273,
      0.00033303860982414335,
      0.0001873533910838887
    ],
    [
      0.00016694278747309,
      0.0009380570409120992,
      0.00013174126797821373,
      0.00026395596069050953,
      0.005672095459885895,
      0.000873774231877178,
      0.000881496409419924,
      0.0006060975138098001,
      0.0022297376999631524,
      0.0002593185126897879,
      0.00047079929208848625,
      0.0025333152734674513,
      0.0005486631098392536,
      0.0020261356512492057,
      0.0003041289164684713,
      0.0039376150816679,
      0.00010790539454319514,
      2.377969303779537e-05,
